                 Control.6M.Rep1 Control.6M.Rep2 Control.6M.Rep4
Control.6M.Rep1        1.0000000       0.9784807       0.9848159
Control.6M.Rep2        0.9784807       1.0000000       0.9840835
Control.6M.Rep4        0.9848159       0.9840835       1.0000000
Control.6M.Rep6        0.9928704       0.9805883       0.9868029
Control.P21.Rep2       0.9140618       0.9161259       0.9134320
Control.P21.Rep3       0.9524270       0.9510957       0.9520352
Control.P21.Rep4       0.9590194       0.9545971       0.9528323
Control.P21.Rep5       0.9373861       0.9430263       0.9451397
DS.6M.Rep1             0.9810110       0.9726132       0.9835753
DS.6M.Rep2             0.9827436       0.9766689       0.9843843
DS.6M.Rep3             0.9838313       0.9742799       0.9927012
DS.6M.Rep4             0.9906240       0.9842583       0.9857590
DS.6M.Rep5             0.9827309       0.9746739       0.9874268
DS.P21.Rep1            0.9314787       0.9410760       0.9305753
DS.P21.Rep2            0.9416802       0.9428492       0.9427741
DS.P21.Rep3            0.9432420       0.9370587       0.9429617
                 Control.6M.Rep6 Control.P21.Rep2 Control.P21.Rep3
Control.6M.Rep1        0.9928704        0.9140618        0.9524270
Control.6M.Rep2        0.9805883        0.9161259        0.9510957
Control.6M.Rep4        0.9868029        0.9134320        0.9520352
Control.6M.Rep6        1.0000000        0.9025173        0.9487473
Control.P21.Rep2       0.9025173        1.0000000        0.9743734
Control.P21.Rep3       0.9487473        0.9743734        1.0000000
Control.P21.Rep4       0.9529571        0.9730106        0.9957100
Control.P21.Rep5       0.9352447        0.9742551        0.9942313
DS.6M.Rep1             0.9838156        0.9203002        0.9566285
DS.6M.Rep2             0.9852376        0.9191707        0.9604107
DS.6M.Rep3             0.9819594        0.9220092        0.9569872
DS.6M.Rep4             0.9921016        0.9113729        0.9493998
DS.6M.Rep5             0.9775195        0.9338776        0.9615145
DS.P21.Rep1            0.9229626        0.9782865        0.9867009
DS.P21.Rep2            0.9413172        0.9813344        0.9882160
DS.P21.Rep3            0.9419378        0.9689876        0.9911033
                 Control.P21.Rep4 Control.P21.Rep5 DS.6M.Rep1 DS.6M.Rep2
Control.6M.Rep1         0.9590194        0.9373861  0.9810110  0.9827436
Control.6M.Rep2         0.9545971        0.9430263  0.9726132  0.9766689
Control.6M.Rep4         0.9528323        0.9451397  0.9835753  0.9843843
Control.6M.Rep6         0.9529571        0.9352447  0.9838156  0.9852376
Control.P21.Rep2        0.9730106        0.9742551  0.9203002  0.9191707
Control.P21.Rep3        0.9957100        0.9942313  0.9566285  0.9604107
Control.P21.Rep4        1.0000000        0.9897260  0.9543079  0.9592142
Control.P21.Rep5        0.9897260        1.0000000  0.9488103  0.9536793
DS.6M.Rep1              0.9543079        0.9488103  1.0000000  0.9961559
DS.6M.Rep2              0.9592142        0.9536793  0.9961559  1.0000000
DS.6M.Rep3              0.9569982        0.9506447  0.9863955  0.9883094
DS.6M.Rep4              0.9567868        0.9355128  0.9776029  0.9803906
DS.6M.Rep5              0.9625791        0.9533464  0.9820015  0.9848912
DS.P21.Rep1             0.9842206        0.9841442  0.9396245  0.9435647
DS.P21.Rep2             0.9898507        0.9863598  0.9473586  0.9487419
DS.P21.Rep3             0.9900025        0.9896455  0.9508197  0.9545812
                 DS.6M.Rep3 DS.6M.Rep4 DS.6M.Rep5 DS.P21.Rep1 DS.P21.Rep2
Control.6M.Rep1   0.9838313  0.9906240  0.9827309   0.9314787   0.9416802
Control.6M.Rep2   0.9742799  0.9842583  0.9746739   0.9410760   0.9428492
Control.6M.Rep4   0.9927012  0.9857590  0.9874268   0.9305753   0.9427741
Control.6M.Rep6   0.9819594  0.9921016  0.9775195   0.9229626   0.9413172
Control.P21.Rep2  0.9220092  0.9113729  0.9338776   0.9782865   0.9813344
Control.P21.Rep3  0.9569872  0.9493998  0.9615145   0.9867009   0.9882160
Control.P21.Rep4  0.9569982  0.9567868  0.9625791   0.9842206   0.9898507
Control.P21.Rep5  0.9506447  0.9355128  0.9533464   0.9841442   0.9863598
DS.6M.Rep1        0.9863955  0.9776029  0.9820015   0.9396245   0.9473586
DS.6M.Rep2        0.9883094  0.9803906  0.9848912   0.9435647   0.9487419
DS.6M.Rep3        1.0000000  0.9811312  0.9946512   0.9412068   0.9482931
DS.6M.Rep4        0.9811312  1.0000000  0.9800132   0.9329875   0.9462332
DS.6M.Rep5        0.9946512  0.9800132  1.0000000   0.9549590   0.9538348
DS.P21.Rep1       0.9412068  0.9329875  0.9549590   1.0000000   0.9825323
DS.P21.Rep2       0.9482931  0.9462332  0.9538348   0.9825323   1.0000000
DS.P21.Rep3       0.9516489  0.9455118  0.9525891   0.9790642   0.9918410
                 DS.P21.Rep3
Control.6M.Rep1    0.9432420
Control.6M.Rep2    0.9370587
Control.6M.Rep4    0.9429617
Control.6M.Rep6    0.9419378
Control.P21.Rep2   0.9689876
Control.P21.Rep3   0.9911033
Control.P21.Rep4   0.9900025
Control.P21.Rep5   0.9896455
DS.6M.Rep1         0.9508197
DS.6M.Rep2         0.9545812
DS.6M.Rep3         0.9516489
DS.6M.Rep4         0.9455118
DS.6M.Rep5         0.9525891
DS.P21.Rep1        0.9790642
DS.P21.Rep2        0.9918410
DS.P21.Rep3        1.0000000
